Test 1: startState (100.0, 0.0, 0.0, 20.0, 35.0, 143.0, 17.0, 1.0, 46.0, 151.0, 23.0, 1.0, 35.0, 60.0, 12.0, 2.0, 5.0, 50.0, 20.0, 2.0, 35.0, 179.0, 22.0, 5.0, 150.0, 157.0, -11.0, -3.0, 160.0, 135.0, -11.0, -3.0, 184.0, 97.0, -16.0, -0.0, 165.0, 168.0, -12.0, -5.0, 162.0, 38.0, -13.0, -4.0)
Test 2: startState (100.0, 0.0, 0.0, 20.0, 49.0, 145.0, 21.0, 1.0, 50.0, 124.0, 13.0, 4.0, 2.0, 153.0, 10.0, 5.0, 25.0, 76.0, 25.0, 3.0, 12.0, 119.0, 21.0, 0.0, 187.0, 126.0, -10.0, -4.0, 195.0, 179.0, -16.0, -2.0, 194.0, 108.0, -17.0, -5.0, 170.0, 116.0, -17.0, -0.0, 169.0, 119.0, -14.0, -3.0)
Test 3: startState (100.0, 0.0, 0.0, 20.0, 1.0, 114.0, 13.0, 1.0, 28.0, 121.0, 24.0, 2.0, 16.0, 140.0, 24.0, 0.0, 27.0, 109.0, 23.0, 0.0, 26.0, 143.0, 24.0, 3.0, 172.0, 62.0, -22.0, -2.0, 165.0, 182.0, -19.0, -3.0, 153.0, 151.0, -22.0, -5.0, 176.0, 51.0, -16.0, -0.0, 183.0, 52.0, -16.0, -0.0)
Test 4: startState (100.0, 0.0, 0.0, 20.0, 24.0, 62.0, 18.0, 4.0, 43.0, 176.0, 13.0, 1.0, 23.0, 50.0, 12.0, 5.0, 33.0, 126.0, 20.0, 1.0, 42.0, 167.0, 16.0, 3.0, 165.0, 116.0, -12.0, -0.0, 191.0, 138.0, -17.0, -2.0, 167.0, 59.0, -23.0, -3.0, 162.0, 46.0, -14.0, -1.0, 172.0, 151.0, -11.0, -2.0)
Test 5: startState (100.0, 0.0, 0.0, 20.0, 9.0, 67.0, 15.0, 4.0, 14.0, 111.0, 21.0, 5.0, 27.0, 97.0, 19.0, 2.0, 35.0, 75.0, 20.0, 5.0, 36.0, 47.0, 21.0, 4.0, 162.0, 68.0, -15.0, -4.0, 168.0, 70.0, -11.0, -2.0, 180.0, 121.0, -16.0, -2.0, 194.0, 62.0, -23.0, -1.0, 165.0, 73.0, -21.0, -3.0)
Test 6: startState (100.0, 0.0, 0.0, 20.0, 43.0, 173.0, 22.0, 0.0, 33.0, 38.0, 11.0, 4.0, 3.0, 32.0, 16.0, 5.0, 35.0, 90.0, 12.0, 1.0, 35.0, 52.0, 23.0, 5.0, 178.0, 90.0, -25.0, -0.0, 156.0, 93.0, -18.0, -1.0, 185.0, 52.0, -19.0, -1.0, 161.0, 50.0, -10.0, -1.0, 170.0, 126.0, -15.0, -2.0)
Test 7: startState (100.0, 0.0, 0.0, 20.0, 33.0, 53.0, 25.0, 0.0, 11.0, 147.0, 20.0, 3.0, 0.0, 168.0, 18.0, 1.0, 31.0, 114.0, 20.0, 0.0, 40.0, 116.0, 23.0, 2.0, 163.0, 64.0, -16.0, -1.0, 189.0, 82.0, -21.0, -1.0, 166.0, 124.0, -23.0, -3.0, 191.0, 27.0, -14.0, -2.0, 191.0, 46.0, -21.0, -4.0)
Test 8: startState (100.0, 0.0, 0.0, 20.0, 47.0, 113.0, 10.0, 5.0, 49.0, 123.0, 12.0, 1.0, 6.0, 103.0, 18.0, 0.0, 38.0, 104.0, 21.0, 2.0, 11.0, 178.0, 22.0, 1.0, 192.0, 132.0, -19.0, -5.0, 169.0, 53.0, -12.0, -1.0, 173.0, 90.0, -12.0, -1.0, 197.0, 72.0, -25.0, -1.0, 176.0, 118.0, -18.0, -5.0)
Test 9: startState (100.0, 0.0, 0.0, 20.0, 10.0, 190.0, 18.0, 0.0, 41.0, 110.0, 18.0, 0.0, 40.0, 61.0, 14.0, 2.0, 45.0, 86.0, 20.0, 2.0, 14.0, 144.0, 24.0, 0.0, 178.0, 87.0, -12.0, -2.0, 167.0, 179.0, -17.0, -2.0, 185.0, 189.0, -25.0, -1.0, 196.0, 77.0, -16.0, -0.0, 150.0, 90.0, -15.0, -1.0)
Test 10: startState (100.0, 0.0, 0.0, 20.0, 29.0, 119.0, 24.0, 2.0, 34.0, 57.0, 20.0, 3.0, 37.0, 103.0, 19.0, 3.0, 11.0, 135.0, 22.0, 1.0, 30.0, 189.0, 16.0, 5.0, 159.0, 72.0, -17.0, -5.0, 187.0, 161.0, -16.0, -4.0, 180.0, 138.0, -21.0, -2.0, 185.0, 114.0, -20.0, -0.0, 158.0, 97.0, -21.0, -2.0)
Test 11: startState (100.0, 0.0, 0.0, 20.0, 9.0, 56.0, 13.0, 5.0, 40.0, 35.0, 17.0, 3.0, 35.0, 148.0, 16.0, 5.0, 38.0, 85.0, 12.0, 5.0, 42.0, 87.0, 22.0, 3.0, 152.0, 29.0, -24.0, -0.0, 188.0, 96.0, -14.0, -2.0, 197.0, 190.0, -15.0, -3.0, 184.0, 123.0, -20.0, -3.0, 152.0, 40.0, -18.0, -2.0)
Test 12: startState (100.0, 0.0, 0.0, 20.0, 6.0, 63.0, 20.0, 1.0, 0.0, 184.0, 16.0, 4.0, 45.0, 42.0, 25.0, 2.0, 11.0, 39.0, 20.0, 5.0, 0.0, 174.0, 10.0, 0.0, 186.0, 58.0, -12.0, -5.0, 187.0, 32.0, -22.0, -3.0, 172.0, 69.0, -25.0, -3.0, 182.0, 174.0, -18.0, -5.0, 190.0, 54.0, -11.0, -1.0)
Test 13: startState (100.0, 0.0, 0.0, 20.0, 46.0, 183.0, 17.0, 4.0, 24.0, 154.0, 22.0, 2.0, 20.0, 85.0, 11.0, 3.0, 11.0, 178.0, 10.0, 4.0, 18.0, 164.0, 24.0, 0.0, 158.0, 169.0, -17.0, -0.0, 169.0, 36.0, -24.0, -4.0, 187.0, 132.0, -18.0, -4.0, 152.0, 43.0, -21.0, -3.0, 200.0, 64.0, -12.0, -5.0)
Test 14: startState (100.0, 0.0, 0.0, 20.0, 3.0, 185.0, 11.0, 1.0, 26.0, 98.0, 19.0, 0.0, 36.0, 161.0, 12.0, 5.0, 43.0, 149.0, 11.0, 5.0, 49.0, 134.0, 21.0, 5.0, 199.0, 189.0, -11.0, -2.0, 185.0, 185.0, -24.0, -3.0, 175.0, 97.0, -14.0, -3.0, 160.0, 37.0, -12.0, -2.0, 172.0, 113.0, -25.0, -0.0)
Test 15: startState (100.0, 0.0, 0.0, 20.0, 14.0, 110.0, 24.0, 0.0, 6.0, 38.0, 10.0, 1.0, 10.0, 64.0, 22.0, 4.0, 33.0, 171.0, 24.0, 1.0, 32.0, 94.0, 17.0, 2.0, 175.0, 144.0, -11.0, -5.0, 180.0, 132.0, -12.0, -5.0, 158.0, 182.0, -12.0, -3.0, 187.0, 35.0, -21.0, -0.0, 176.0, 63.0, -23.0, -0.0)
Test 16: startState (100.0, 0.0, 0.0, 20.0, 26.0, 127.0, 15.0, 2.0, 24.0, 88.0, 23.0, 5.0, 21.0, 144.0, 25.0, 3.0, 5.0, 82.0, 14.0, 2.0, 40.0, 81.0, 11.0, 2.0, 193.0, 29.0, -19.0, -5.0, 200.0, 91.0, -10.0, -1.0, 173.0, 59.0, -16.0, -1.0, 194.0, 171.0, -21.0, -5.0, 154.0, 69.0, -14.0, -5.0)
Test 17: startState (100.0, 0.0, 0.0, 20.0, 16.0, 113.0, 22.0, 4.0, 39.0, 64.0, 19.0, 1.0, 32.0, 178.0, 13.0, 2.0, 5.0, 38.0, 24.0, 5.0, 37.0, 134.0, 14.0, 5.0, 158.0, 56.0, -22.0, -0.0, 178.0, 152.0, -14.0, -0.0, 178.0, 87.0, -24.0, -2.0, 160.0, 155.0, -19.0, -1.0, 167.0, 115.0, -24.0, -3.0)
Test 18: startState (100.0, 0.0, 0.0, 20.0, 13.0, 73.0, 16.0, 0.0, 15.0, 161.0, 22.0, 0.0, 3.0, 103.0, 25.0, 0.0, 45.0, 144.0, 21.0, 1.0, 27.0, 87.0, 13.0, 3.0, 159.0, 126.0, -20.0, -2.0, 160.0, 125.0, -11.0, -4.0, 186.0, 87.0, -24.0, -5.0, 194.0, 51.0, -16.0, -5.0, 165.0, 183.0, -15.0, -3.0)
Test 19: startState (100.0, 0.0, 0.0, 20.0, 41.0, 61.0, 24.0, 5.0, 29.0, 142.0, 21.0, 0.0, 22.0, 110.0, 23.0, 2.0, 7.0, 171.0, 11.0, 5.0, 34.0, 144.0, 21.0, 4.0, 184.0, 42.0, -24.0, -2.0, 157.0, 124.0, -19.0, -2.0, 197.0, 154.0, -22.0, -2.0, 167.0, 26.0, -24.0, -5.0, 169.0, 45.0, -12.0, -4.0)
Test 20: startState (100.0, 0.0, 0.0, 20.0, 45.0, 45.0, 19.0, 0.0, 47.0, 133.0, 25.0, 0.0, 38.0, 39.0, 15.0, 0.0, 25.0, 45.0, 17.0, 1.0, 23.0, 118.0, 18.0, 0.0, 176.0, 115.0, -22.0, -5.0, 192.0, 107.0, -15.0, -5.0, 169.0, 173.0, -15.0, -3.0, 155.0, 26.0, -23.0, -3.0, 186.0, 43.0, -14.0, -5.0)
Test 21: startState (100.0, 0.0, 0.0, 20.0, 14.0, 31.0, 17.0, 3.0, 32.0, 85.0, 25.0, 1.0, 19.0, 167.0, 11.0, 0.0, 12.0, 155.0, 17.0, 3.0, 13.0, 178.0, 11.0, 1.0, 195.0, 150.0, -11.0, -5.0, 187.0, 133.0, -22.0, -0.0, 181.0, 144.0, -16.0, -3.0, 159.0, 169.0, -24.0, -4.0, 174.0, 90.0, -23.0, -2.0)
Test 22: startState (100.0, 0.0, 0.0, 20.0, 9.0, 39.0, 12.0, 4.0, 29.0, 91.0, 14.0, 2.0, 29.0, 163.0, 22.0, 5.0, 1.0, 128.0, 10.0, 0.0, 40.0, 112.0, 20.0, 2.0, 190.0, 125.0, -12.0, -5.0, 165.0, 43.0, -20.0, -0.0, 171.0, 30.0, -15.0, -1.0, 183.0, 83.0, -17.0, -5.0, 174.0, 177.0, -24.0, -3.0)
Test 23: startState (100.0, 0.0, 0.0, 20.0, 50.0, 159.0, 20.0, 4.0, 11.0, 147.0, 21.0, 0.0, 24.0, 86.0, 12.0, 2.0, 5.0, 41.0, 19.0, 3.0, 4.0, 91.0, 23.0, 2.0, 174.0, 81.0, -21.0, -1.0, 168.0, 44.0, -24.0, -5.0, 174.0, 150.0, -11.0, -0.0, 196.0, 71.0, -19.0, -2.0, 154.0, 40.0, -17.0, -4.0)
Test 24: startState (100.0, 0.0, 0.0, 20.0, 11.0, 70.0, 14.0, 1.0, 0.0, 112.0, 13.0, 2.0, 20.0, 60.0, 11.0, 0.0, 6.0, 94.0, 23.0, 4.0, 42.0, 71.0, 25.0, 5.0, 179.0, 122.0, -16.0, -5.0, 173.0, 172.0, -25.0, -2.0, 184.0, 115.0, -22.0, -0.0, 185.0, 72.0, -12.0, -4.0, 177.0, 138.0, -25.0, -3.0)
Test 25: startState (100.0, 0.0, 0.0, 20.0, 21.0, 133.0, 18.0, 0.0, 44.0, 134.0, 14.0, 2.0, 12.0, 152.0, 15.0, 3.0, 40.0, 58.0, 14.0, 0.0, 0.0, 114.0, 19.0, 2.0, 193.0, 174.0, -23.0, -2.0, 189.0, 144.0, -13.0, -1.0, 150.0, 150.0, -18.0, -0.0, 187.0, 98.0, -12.0, -2.0, 163.0, 37.0, -21.0, -5.0)
Test 26: startState (100.0, 0.0, 0.0, 20.0, 3.0, 32.0, 13.0, 3.0, 19.0, 29.0, 19.0, 5.0, 33.0, 41.0, 17.0, 4.0, 30.0, 75.0, 22.0, 3.0, 32.0, 35.0, 11.0, 2.0, 196.0, 151.0, -10.0, -0.0, 175.0, 139.0, -24.0, -0.0, 180.0, 128.0, -23.0, -2.0, 150.0, 133.0, -21.0, -5.0, 184.0, 130.0, -21.0, -1.0)
Test 27: startState (100.0, 0.0, 0.0, 20.0, 30.0, 81.0, 23.0, 3.0, 40.0, 54.0, 24.0, 0.0, 19.0, 116.0, 18.0, 4.0, 14.0, 160.0, 15.0, 5.0, 11.0, 81.0, 11.0, 5.0, 186.0, 121.0, -18.0, -2.0, 198.0, 106.0, -18.0, -3.0, 200.0, 155.0, -18.0, -5.0, 190.0, 39.0, -21.0, -3.0, 191.0, 139.0, -13.0, -2.0)
Test 28: startState (100.0, 0.0, 0.0, 20.0, 0.0, 159.0, 24.0, 1.0, 32.0, 56.0, 10.0, 4.0, 49.0, 127.0, 21.0, 5.0, 17.0, 124.0, 20.0, 2.0, 1.0, 32.0, 12.0, 2.0, 179.0, 84.0, -25.0, -1.0, 156.0, 165.0, -11.0, -3.0, 161.0, 48.0, -23.0, -0.0, 156.0, 104.0, -15.0, -0.0, 153.0, 139.0, -15.0, -1.0)
Test 29: startState (100.0, 0.0, 0.0, 20.0, 24.0, 174.0, 21.0, 3.0, 35.0, 27.0, 17.0, 3.0, 40.0, 178.0, 11.0, 2.0, 25.0, 170.0, 23.0, 4.0, 43.0, 178.0, 16.0, 2.0, 199.0, 72.0, -12.0, -2.0, 151.0, 188.0, -22.0, -1.0, 174.0, 166.0, -11.0, -0.0, 164.0, 80.0, -20.0, -1.0, 179.0, 177.0, -11.0, -4.0)
Test 30: startState (100.0, 0.0, 0.0, 20.0, 22.0, 141.0, 15.0, 1.0, 33.0, 88.0, 17.0, 2.0, 23.0, 108.0, 16.0, 3.0, 0.0, 164.0, 17.0, 1.0, 21.0, 171.0, 19.0, 4.0, 187.0, 76.0, -16.0, -5.0, 200.0, 142.0, -22.0, -0.0, 182.0, 110.0, -24.0, -1.0, 194.0, 131.0, -25.0, -4.0, 192.0, 81.0, -11.0, -3.0)
Test 31: startState (100.0, 0.0, 0.0, 20.0, 42.0, 190.0, 22.0, 5.0, 15.0, 186.0, 14.0, 5.0, 11.0, 129.0, 18.0, 4.0, 4.0, 105.0, 18.0, 2.0, 17.0, 133.0, 12.0, 5.0, 170.0, 166.0, -12.0, -0.0, 171.0, 138.0, -23.0, -0.0, 164.0, 88.0, -24.0, -0.0, 161.0, 172.0, -24.0, -4.0, 183.0, 134.0, -15.0, -0.0)
Test 32: startState (100.0, 0.0, 0.0, 20.0, 10.0, 106.0, 12.0, 2.0, 42.0, 105.0, 11.0, 1.0, 20.0, 45.0, 24.0, 0.0, 4.0, 39.0, 19.0, 1.0, 6.0, 164.0, 11.0, 0.0, 183.0, 28.0, -20.0, -4.0, 178.0, 92.0, -10.0, -4.0, 160.0, 53.0, -16.0, -0.0, 176.0, 37.0, -23.0, -4.0, 170.0, 36.0, -13.0, -3.0)
Test 33: startState (100.0, 0.0, 0.0, 20.0, 44.0, 76.0, 18.0, 1.0, 47.0, 30.0, 18.0, 2.0, 12.0, 32.0, 18.0, 1.0, 5.0, 132.0, 18.0, 1.0, 35.0, 82.0, 14.0, 3.0, 161.0, 97.0, -10.0, -1.0, 200.0, 144.0, -10.0, -1.0, 164.0, 101.0, -14.0, -1.0, 183.0, 169.0, -13.0, -1.0, 155.0, 64.0, -18.0, -5.0)
Test 34: startState (100.0, 0.0, 0.0, 20.0, 21.0, 180.0, 13.0, 4.0, 41.0, 119.0, 15.0, 4.0, 4.0, 86.0, 12.0, 0.0, 47.0, 127.0, 23.0, 1.0, 38.0, 163.0, 10.0, 3.0, 151.0, 106.0, -12.0, -1.0, 191.0, 61.0, -13.0, -0.0, 188.0, 113.0, -24.0, -3.0, 182.0, 101.0, -14.0, -2.0, 196.0, 41.0, -22.0, -5.0)
Test 35: startState (100.0, 0.0, 0.0, 20.0, 32.0, 126.0, 12.0, 0.0, 14.0, 106.0, 25.0, 4.0, 39.0, 69.0, 23.0, 1.0, 24.0, 40.0, 22.0, 5.0, 30.0, 182.0, 10.0, 2.0, 191.0, 37.0, -24.0, -4.0, 198.0, 132.0, -24.0, -1.0, 199.0, 32.0, -24.0, -4.0, 157.0, 94.0, -19.0, -2.0, 170.0, 28.0, -13.0, -4.0)
Test 36: startState (100.0, 0.0, 0.0, 20.0, 28.0, 92.0, 17.0, 0.0, 31.0, 159.0, 13.0, 4.0, 49.0, 35.0, 13.0, 2.0, 9.0, 73.0, 19.0, 3.0, 8.0, 101.0, 20.0, 4.0, 153.0, 95.0, -23.0, -5.0, 190.0, 184.0, -17.0, -2.0, 187.0, 44.0, -19.0, -0.0, 186.0, 133.0, -25.0, -0.0, 194.0, 66.0, -18.0, -1.0)
Test 37: startState (100.0, 0.0, 0.0, 20.0, 3.0, 176.0, 25.0, 5.0, 38.0, 142.0, 20.0, 3.0, 23.0, 173.0, 21.0, 2.0, 46.0, 67.0, 23.0, 5.0, 21.0, 161.0, 24.0, 1.0, 176.0, 146.0, -23.0, -1.0, 152.0, 87.0, -13.0, -2.0, 151.0, 130.0, -16.0, -4.0, 174.0, 140.0, -24.0, -1.0, 150.0, 76.0, -17.0, -1.0)
Test 38: startState (100.0, 0.0, 0.0, 20.0, 27.0, 63.0, 18.0, 1.0, 21.0, 172.0, 25.0, 1.0, 20.0, 148.0, 13.0, 5.0, 22.0, 72.0, 25.0, 1.0, 14.0, 164.0, 15.0, 5.0, 177.0, 151.0, -14.0, -4.0, 156.0, 162.0, -13.0, -5.0, 178.0, 138.0, -19.0, -3.0, 154.0, 88.0, -19.0, -3.0, 192.0, 51.0, -10.0, -5.0)
Test 39: startState (100.0, 0.0, 0.0, 20.0, 36.0, 155.0, 19.0, 0.0, 46.0, 174.0, 15.0, 2.0, 10.0, 88.0, 14.0, 4.0, 4.0, 92.0, 19.0, 0.0, 47.0, 120.0, 23.0, 5.0, 165.0, 98.0, -18.0, -2.0, 164.0, 150.0, -14.0, -2.0, 173.0, 159.0, -14.0, -0.0, 161.0, 27.0, -10.0, -0.0, 179.0, 41.0, -23.0, -3.0)
Test 40: startState (100.0, 0.0, 0.0, 20.0, 18.0, 34.0, 10.0, 3.0, 48.0, 117.0, 13.0, 1.0, 48.0, 148.0, 19.0, 2.0, 7.0, 74.0, 12.0, 5.0, 39.0, 119.0, 15.0, 5.0, 195.0, 90.0, -21.0, -5.0, 174.0, 44.0, -25.0, -4.0, 183.0, 105.0, -11.0, -5.0, 187.0, 61.0, -20.0, -3.0, 192.0, 45.0, -12.0, -2.0)
Test 41: startState (100.0, 0.0, 0.0, 20.0, 19.0, 93.0, 25.0, 5.0, 48.0, 143.0, 12.0, 1.0, 35.0, 85.0, 20.0, 1.0, 40.0, 105.0, 23.0, 0.0, 28.0, 113.0, 17.0, 5.0, 163.0, 169.0, -21.0, -4.0, 198.0, 105.0, -15.0, -5.0, 160.0, 31.0, -21.0, -5.0, 193.0, 61.0, -25.0, -4.0, 191.0, 162.0, -16.0, -5.0)
Test 42: startState (100.0, 0.0, 0.0, 20.0, 43.0, 111.0, 14.0, 3.0, 4.0, 122.0, 12.0, 2.0, 9.0, 133.0, 14.0, 3.0, 4.0, 40.0, 25.0, 0.0, 16.0, 29.0, 22.0, 5.0, 180.0, 121.0, -23.0, -3.0, 177.0, 45.0, -10.0, -4.0, 164.0, 45.0, -12.0, -0.0, 192.0, 173.0, -18.0, -5.0, 160.0, 114.0, -17.0, -5.0)
Test 43: startState (100.0, 0.0, 0.0, 20.0, 11.0, 76.0, 19.0, 2.0, 35.0, 179.0, 20.0, 4.0, 3.0, 152.0, 12.0, 1.0, 16.0, 76.0, 14.0, 1.0, 34.0, 127.0, 15.0, 0.0, 194.0, 134.0, -12.0, -0.0, 182.0, 149.0, -10.0, -4.0, 176.0, 161.0, -20.0, -4.0, 175.0, 123.0, -19.0, -5.0, 179.0, 108.0, -21.0, -5.0)
Test 44: startState (100.0, 0.0, 0.0, 20.0, 4.0, 126.0, 14.0, 0.0, 39.0, 115.0, 12.0, 5.0, 42.0, 145.0, 10.0, 2.0, 28.0, 48.0, 17.0, 2.0, 12.0, 39.0, 13.0, 3.0, 173.0, 98.0, -11.0, -0.0, 185.0, 108.0, -20.0, -0.0, 164.0, 101.0, -22.0, -4.0, 195.0, 67.0, -13.0, -2.0, 153.0, 180.0, -20.0, -5.0)
Test 45: startState (100.0, 0.0, 0.0, 20.0, 44.0, 38.0, 20.0, 2.0, 8.0, 60.0, 13.0, 4.0, 11.0, 82.0, 15.0, 1.0, 48.0, 68.0, 22.0, 3.0, 5.0, 173.0, 17.0, 2.0, 194.0, 66.0, -20.0, -1.0, 198.0, 87.0, -10.0, -0.0, 169.0, 99.0, -20.0, -5.0, 164.0, 127.0, -14.0, -3.0, 188.0, 73.0, -24.0, -5.0)
Test 46: startState (100.0, 0.0, 0.0, 20.0, 7.0, 53.0, 11.0, 2.0, 21.0, 86.0, 13.0, 1.0, 36.0, 131.0, 19.0, 2.0, 19.0, 88.0, 23.0, 3.0, 12.0, 94.0, 25.0, 5.0, 151.0, 131.0, -21.0, -4.0, 194.0, 166.0, -19.0, -2.0, 160.0, 103.0, -22.0, -3.0, 184.0, 182.0, -18.0, -1.0, 168.0, 154.0, -21.0, -4.0)
Test 47: startState (100.0, 0.0, 0.0, 20.0, 27.0, 114.0, 20.0, 1.0, 27.0, 123.0, 25.0, 4.0, 18.0, 171.0, 10.0, 3.0, 25.0, 49.0, 22.0, 4.0, 2.0, 84.0, 12.0, 1.0, 163.0, 125.0, -12.0, -0.0, 200.0, 165.0, -23.0, -5.0, 165.0, 171.0, -12.0, -4.0, 177.0, 34.0, -18.0, -2.0, 194.0, 135.0, -20.0, -0.0)
Test 48: startState (100.0, 0.0, 0.0, 20.0, 40.0, 85.0, 21.0, 0.0, 38.0, 173.0, 11.0, 3.0, 4.0, 52.0, 18.0, 3.0, 5.0, 177.0, 10.0, 2.0, 10.0, 121.0, 23.0, 5.0, 172.0, 130.0, -10.0, -4.0, 167.0, 186.0, -17.0, -2.0, 184.0, 25.0, -12.0, -3.0, 158.0, 89.0, -10.0, -3.0, 172.0, 151.0, -10.0, -4.0)
Test 49: startState (100.0, 0.0, 0.0, 20.0, 42.0, 114.0, 24.0, 3.0, 33.0, 39.0, 11.0, 1.0, 38.0, 178.0, 24.0, 0.0, 27.0, 190.0, 17.0, 3.0, 33.0, 34.0, 19.0, 1.0, 173.0, 158.0, -13.0, -5.0, 162.0, 138.0, -20.0, -3.0, 162.0, 136.0, -20.0, -3.0, 199.0, 73.0, -17.0, -0.0, 169.0, 150.0, -16.0, -0.0)
Test 50: startState (100.0, 0.0, 0.0, 20.0, 12.0, 48.0, 11.0, 0.0, 48.0, 147.0, 10.0, 2.0, 16.0, 100.0, 25.0, 4.0, 10.0, 144.0, 18.0, 1.0, 25.0, 127.0, 23.0, 5.0, 172.0, 34.0, -23.0, -3.0, 188.0, 161.0, -17.0, -2.0, 175.0, 132.0, -24.0, -4.0, 183.0, 169.0, -18.0, -1.0, 157.0, 82.0, -12.0, -2.0)
Test 51: startState (100.0, 0.0, 0.0, 20.0, 38.0, 125.0, 12.0, 2.0, 28.0, 134.0, 10.0, 3.0, 48.0, 69.0, 25.0, 0.0, 28.0, 113.0, 15.0, 5.0, 35.0, 91.0, 14.0, 3.0, 198.0, 175.0, -20.0, -4.0, 159.0, 159.0, -17.0, -2.0, 191.0, 96.0, -19.0, -2.0, 175.0, 68.0, -14.0, -1.0, 172.0, 120.0, -11.0, -1.0)
Test 52: startState (100.0, 0.0, 0.0, 20.0, 31.0, 78.0, 13.0, 1.0, 50.0, 140.0, 18.0, 4.0, 45.0, 119.0, 14.0, 1.0, 11.0, 185.0, 11.0, 5.0, 26.0, 95.0, 22.0, 2.0, 163.0, 172.0, -12.0, -5.0, 159.0, 175.0, -19.0, -1.0, 197.0, 147.0, -17.0, -2.0, 183.0, 89.0, -18.0, -3.0, 196.0, 165.0, -20.0, -2.0)
Test 53: startState (100.0, 0.0, 0.0, 20.0, 26.0, 142.0, 10.0, 1.0, 3.0, 140.0, 12.0, 5.0, 8.0, 165.0, 12.0, 4.0, 20.0, 81.0, 15.0, 2.0, 43.0, 31.0, 20.0, 3.0, 194.0, 28.0, -20.0, -5.0, 170.0, 25.0, -15.0, -2.0, 150.0, 86.0, -24.0, -0.0, 160.0, 45.0, -19.0, -3.0, 176.0, 48.0, -19.0, -5.0)
Test 54: startState (100.0, 0.0, 0.0, 20.0, 10.0, 26.0, 14.0, 0.0, 18.0, 63.0, 19.0, 0.0, 22.0, 48.0, 22.0, 4.0, 4.0, 97.0, 12.0, 1.0, 27.0, 167.0, 12.0, 2.0, 192.0, 81.0, -14.0, -1.0, 158.0, 111.0, -23.0, -2.0, 181.0, 152.0, -15.0, -1.0, 181.0, 147.0, -17.0, -0.0, 165.0, 187.0, -12.0, -4.0)
Test 55: startState (100.0, 0.0, 0.0, 20.0, 21.0, 120.0, 20.0, 5.0, 18.0, 63.0, 24.0, 3.0, 39.0, 150.0, 20.0, 5.0, 1.0, 107.0, 12.0, 4.0, 39.0, 106.0, 20.0, 2.0, 162.0, 151.0, -24.0, -2.0, 186.0, 92.0, -11.0, -4.0, 160.0, 142.0, -18.0, -5.0, 168.0, 54.0, -20.0, -1.0, 166.0, 115.0, -14.0, -1.0)
Test 56: startState (100.0, 0.0, 0.0, 20.0, 9.0, 74.0, 24.0, 0.0, 21.0, 60.0, 18.0, 4.0, 27.0, 123.0, 15.0, 0.0, 16.0, 101.0, 10.0, 2.0, 34.0, 97.0, 10.0, 3.0, 180.0, 104.0, -16.0, -0.0, 151.0, 44.0, -19.0, -1.0, 162.0, 143.0, -13.0, -2.0, 198.0, 46.0, -17.0, -5.0, 181.0, 105.0, -17.0, -5.0)
Test 57: startState (100.0, 0.0, 0.0, 20.0, 29.0, 59.0, 16.0, 2.0, 16.0, 70.0, 20.0, 4.0, 25.0, 162.0, 14.0, 2.0, 0.0, 60.0, 24.0, 3.0, 17.0, 150.0, 22.0, 5.0, 172.0, 54.0, -13.0, -0.0, 156.0, 53.0, -21.0, -1.0, 164.0, 107.0, -25.0, -0.0, 153.0, 112.0, -13.0, -0.0, 152.0, 145.0, -12.0, -5.0)
Test 58: startState (100.0, 0.0, 0.0, 20.0, 34.0, 99.0, 16.0, 3.0, 49.0, 171.0, 22.0, 2.0, 21.0, 111.0, 15.0, 0.0, 24.0, 155.0, 17.0, 1.0, 18.0, 61.0, 16.0, 1.0, 186.0, 30.0, -21.0, -1.0, 168.0, 67.0, -16.0, -0.0, 200.0, 117.0, -10.0, -3.0, 158.0, 165.0, -20.0, -3.0, 164.0, 147.0, -13.0, -1.0)
Test 59: startState (100.0, 0.0, 0.0, 20.0, 49.0, 183.0, 12.0, 5.0, 50.0, 60.0, 17.0, 3.0, 2.0, 124.0, 11.0, 2.0, 36.0, 58.0, 18.0, 5.0, 9.0, 128.0, 17.0, 4.0, 177.0, 142.0, -16.0, -2.0, 191.0, 80.0, -19.0, -3.0, 191.0, 115.0, -13.0, -4.0, 161.0, 186.0, -12.0, -4.0, 166.0, 107.0, -18.0, -0.0)
Test 60: startState (100.0, 0.0, 0.0, 20.0, 39.0, 164.0, 10.0, 0.0, 40.0, 149.0, 24.0, 2.0, 43.0, 30.0, 14.0, 2.0, 18.0, 40.0, 23.0, 2.0, 19.0, 151.0, 21.0, 2.0, 177.0, 188.0, -11.0, -2.0, 196.0, 129.0, -16.0, -4.0, 184.0, 125.0, -23.0, -0.0, 160.0, 153.0, -25.0, -3.0, 166.0, 30.0, -11.0, -0.0)
Test 61: startState (100.0, 0.0, 0.0, 20.0, 32.0, 142.0, 19.0, 2.0, 29.0, 45.0, 24.0, 1.0, 44.0, 99.0, 22.0, 3.0, 45.0, 64.0, 10.0, 1.0, 30.0, 87.0, 21.0, 3.0, 151.0, 129.0, -25.0, -0.0, 191.0, 115.0, -23.0, -1.0, 160.0, 86.0, -25.0, -4.0, 173.0, 49.0, -18.0, -1.0, 152.0, 190.0, -11.0, -1.0)
Test 62: startState (100.0, 0.0, 0.0, 20.0, 46.0, 62.0, 16.0, 5.0, 36.0, 127.0, 21.0, 2.0, 6.0, 130.0, 20.0, 2.0, 15.0, 190.0, 24.0, 1.0, 31.0, 87.0, 17.0, 5.0, 194.0, 77.0, -14.0, -0.0, 160.0, 82.0, -14.0, -2.0, 165.0, 164.0, -10.0, -0.0, 183.0, 59.0, -15.0, -3.0, 197.0, 122.0, -23.0, -2.0)
Test 63: startState (100.0, 0.0, 0.0, 20.0, 45.0, 51.0, 17.0, 5.0, 15.0, 45.0, 23.0, 1.0, 41.0, 160.0, 10.0, 1.0, 36.0, 96.0, 18.0, 0.0, 24.0, 52.0, 15.0, 3.0, 150.0, 57.0, -13.0, -0.0, 178.0, 140.0, -10.0, -1.0, 163.0, 132.0, -23.0, -4.0, 182.0, 63.0, -16.0, -4.0, 187.0, 164.0, -24.0, -0.0)
Test 64: startState (100.0, 0.0, 0.0, 20.0, 26.0, 151.0, 22.0, 4.0, 39.0, 95.0, 22.0, 4.0, 43.0, 26.0, 17.0, 2.0, 42.0, 127.0, 12.0, 0.0, 3.0, 131.0, 10.0, 4.0, 166.0, 88.0, -16.0, -1.0, 170.0, 111.0, -24.0, -0.0, 193.0, 92.0, -24.0, -0.0, 158.0, 149.0, -25.0, -4.0, 199.0, 144.0, -21.0, -3.0)
Test 65: startState (100.0, 0.0, 0.0, 20.0, 35.0, 28.0, 17.0, 0.0, 41.0, 134.0, 17.0, 1.0, 18.0, 64.0, 14.0, 4.0, 22.0, 143.0, 13.0, 5.0, 4.0, 70.0, 16.0, 5.0, 181.0, 189.0, -24.0, -4.0, 188.0, 109.0, -22.0, -5.0, 163.0, 141.0, -16.0, -1.0, 186.0, 146.0, -16.0, -1.0, 185.0, 145.0, -22.0, -0.0)
Test 66: startState (100.0, 0.0, 0.0, 20.0, 18.0, 61.0, 15.0, 1.0, 30.0, 51.0, 23.0, 4.0, 4.0, 83.0, 11.0, 0.0, 38.0, 93.0, 20.0, 2.0, 13.0, 83.0, 11.0, 5.0, 197.0, 34.0, -23.0, -0.0, 184.0, 83.0, -21.0, -0.0, 158.0, 125.0, -13.0, -4.0, 187.0, 99.0, -12.0, -5.0, 178.0, 94.0, -11.0, -4.0)
Test 67: startState (100.0, 0.0, 0.0, 20.0, 36.0, 108.0, 22.0, 1.0, 44.0, 132.0, 20.0, 4.0, 25.0, 63.0, 24.0, 4.0, 30.0, 142.0, 21.0, 0.0, 38.0, 163.0, 16.0, 4.0, 169.0, 171.0, -18.0, -1.0, 150.0, 90.0, -24.0, -4.0, 188.0, 176.0, -14.0, -1.0, 183.0, 132.0, -17.0, -0.0, 169.0, 88.0, -24.0, -0.0)
Test 68: startState (100.0, 0.0, 0.0, 20.0, 48.0, 100.0, 14.0, 1.0, 47.0, 150.0, 13.0, 2.0, 25.0, 171.0, 19.0, 0.0, 43.0, 116.0, 13.0, 2.0, 47.0, 75.0, 12.0, 5.0, 181.0, 36.0, -21.0, -2.0, 166.0, 113.0, -21.0, -4.0, 194.0, 48.0, -25.0, -0.0, 174.0, 138.0, -11.0, -4.0, 163.0, 109.0, -16.0, -1.0)
Test 69: startState (100.0, 0.0, 0.0, 20.0, 33.0, 163.0, 15.0, 4.0, 4.0, 177.0, 23.0, 4.0, 34.0, 150.0, 23.0, 4.0, 28.0, 81.0, 22.0, 0.0, 29.0, 130.0, 22.0, 2.0, 180.0, 171.0, -25.0, -2.0, 173.0, 141.0, -24.0, -1.0, 156.0, 122.0, -25.0, -3.0, 155.0, 170.0, -18.0, -3.0, 173.0, 39.0, -14.0, -0.0)
Test 70: startState (100.0, 0.0, 0.0, 20.0, 20.0, 138.0, 13.0, 0.0, 37.0, 52.0, 11.0, 4.0, 27.0, 101.0, 14.0, 4.0, 11.0, 122.0, 15.0, 4.0, 44.0, 40.0, 21.0, 0.0, 164.0, 87.0, -21.0, -2.0, 152.0, 94.0, -21.0, -0.0, 164.0, 164.0, -10.0, -4.0, 170.0, 166.0, -16.0, -3.0, 184.0, 38.0, -22.0, -0.0)
Test 71: startState (100.0, 0.0, 0.0, 20.0, 40.0, 114.0, 13.0, 0.0, 32.0, 159.0, 15.0, 2.0, 5.0, 32.0, 11.0, 0.0, 50.0, 67.0, 10.0, 2.0, 33.0, 114.0, 10.0, 0.0, 171.0, 157.0, -25.0, -2.0, 169.0, 188.0, -19.0, -3.0, 194.0, 85.0, -12.0, -1.0, 193.0, 105.0, -23.0, -3.0, 175.0, 171.0, -20.0, -2.0)
Test 72: startState (100.0, 0.0, 0.0, 20.0, 42.0, 168.0, 25.0, 1.0, 9.0, 82.0, 18.0, 3.0, 22.0, 71.0, 13.0, 3.0, 29.0, 162.0, 20.0, 5.0, 20.0, 107.0, 17.0, 5.0, 167.0, 114.0, -16.0, -2.0, 172.0, 124.0, -16.0, -4.0, 168.0, 155.0, -10.0, -3.0, 172.0, 126.0, -17.0, -4.0, 190.0, 47.0, -15.0, -1.0)
Test 73: startState (100.0, 0.0, 0.0, 20.0, 1.0, 26.0, 23.0, 3.0, 45.0, 181.0, 18.0, 0.0, 0.0, 172.0, 13.0, 5.0, 32.0, 108.0, 15.0, 3.0, 43.0, 145.0, 22.0, 1.0, 189.0, 166.0, -19.0, -4.0, 187.0, 148.0, -12.0, -2.0, 188.0, 109.0, -12.0, -3.0, 190.0, 45.0, -22.0, -4.0, 175.0, 87.0, -22.0, -0.0)
Test 74: startState (100.0, 0.0, 0.0, 20.0, 45.0, 83.0, 14.0, 1.0, 1.0, 51.0, 15.0, 3.0, 49.0, 82.0, 17.0, 0.0, 38.0, 171.0, 23.0, 1.0, 30.0, 89.0, 25.0, 4.0, 195.0, 49.0, -10.0, -1.0, 188.0, 185.0, -11.0, -1.0, 186.0, 103.0, -19.0, -3.0, 171.0, 175.0, -16.0, -2.0, 160.0, 69.0, -21.0, -0.0)
Test 75: startState (100.0, 0.0, 0.0, 20.0, 29.0, 84.0, 21.0, 1.0, 13.0, 120.0, 10.0, 0.0, 28.0, 120.0, 19.0, 2.0, 14.0, 118.0, 25.0, 1.0, 9.0, 134.0, 12.0, 1.0, 184.0, 108.0, -19.0, -5.0, 191.0, 143.0, -18.0, -2.0, 160.0, 41.0, -16.0, -1.0, 189.0, 71.0, -20.0, -0.0, 170.0, 190.0, -16.0, -2.0)
Test 76: startState (100.0, 0.0, 0.0, 20.0, 9.0, 93.0, 11.0, 2.0, 2.0, 177.0, 24.0, 3.0, 4.0, 88.0, 11.0, 3.0, 42.0, 117.0, 17.0, 1.0, 30.0, 178.0, 19.0, 5.0, 160.0, 173.0, -18.0, -5.0, 179.0, 75.0, -18.0, -5.0, 196.0, 158.0, -23.0, -3.0, 190.0, 59.0, -11.0, -4.0, 199.0, 89.0, -11.0, -4.0)
Test 77: startState (100.0, 0.0, 0.0, 20.0, 27.0, 145.0, 22.0, 0.0, 32.0, 154.0, 19.0, 0.0, 24.0, 186.0, 15.0, 3.0, 36.0, 139.0, 13.0, 0.0, 34.0, 75.0, 18.0, 2.0, 175.0, 90.0, -18.0, -3.0, 178.0, 105.0, -17.0, -4.0, 186.0, 32.0, -24.0, -5.0, 160.0, 53.0, -12.0, -3.0, 167.0, 55.0, -17.0, -3.0)
Test 78: startState (100.0, 0.0, 0.0, 20.0, 13.0, 46.0, 22.0, 3.0, 39.0, 137.0, 24.0, 1.0, 47.0, 44.0, 16.0, 0.0, 29.0, 44.0, 10.0, 1.0, 37.0, 116.0, 25.0, 0.0, 199.0, 58.0, -17.0, -3.0, 162.0, 40.0, -12.0, -4.0, 155.0, 185.0, -15.0, -4.0, 160.0, 41.0, -17.0, -4.0, 174.0, 87.0, -10.0, -3.0)
Test 79: startState (100.0, 0.0, 0.0, 20.0, 13.0, 93.0, 22.0, 2.0, 44.0, 46.0, 16.0, 4.0, 47.0, 46.0, 14.0, 4.0, 20.0, 122.0, 12.0, 2.0, 14.0, 174.0, 19.0, 5.0, 158.0, 101.0, -18.0, -2.0, 158.0, 102.0, -24.0, -4.0, 192.0, 74.0, -24.0, -3.0, 175.0, 189.0, -22.0, -0.0, 160.0, 129.0, -17.0, -2.0)
Test 80: startState (100.0, 0.0, 0.0, 20.0, 12.0, 133.0, 18.0, 0.0, 33.0, 44.0, 17.0, 3.0, 44.0, 112.0, 11.0, 1.0, 40.0, 91.0, 25.0, 5.0, 48.0, 69.0, 21.0, 3.0, 170.0, 89.0, -21.0, -1.0, 164.0, 61.0, -22.0, -5.0, 168.0, 47.0, -15.0, -0.0, 167.0, 44.0, -17.0, -0.0, 154.0, 63.0, -25.0, -4.0)
Test 81: startState (100.0, 0.0, 0.0, 20.0, 12.0, 143.0, 16.0, 2.0, 31.0, 164.0, 14.0, 0.0, 20.0, 49.0, 12.0, 1.0, 2.0, 108.0, 22.0, 3.0, 36.0, 119.0, 13.0, 0.0, 177.0, 101.0, -25.0, -0.0, 184.0, 61.0, -21.0, -1.0, 162.0, 131.0, -11.0, -2.0, 152.0, 77.0, -21.0, -1.0, 179.0, 103.0, -21.0, -3.0)
Test 82: startState (100.0, 0.0, 0.0, 20.0, 48.0, 99.0, 15.0, 5.0, 29.0, 172.0, 23.0, 4.0, 20.0, 116.0, 10.0, 0.0, 8.0, 89.0, 16.0, 2.0, 32.0, 104.0, 18.0, 5.0, 197.0, 131.0, -20.0, -1.0, 189.0, 37.0, -24.0, -3.0, 157.0, 96.0, -25.0, -1.0, 150.0, 178.0, -21.0, -1.0, 170.0, 74.0, -21.0, -2.0)
Test 83: startState (100.0, 0.0, 0.0, 20.0, 18.0, 105.0, 20.0, 1.0, 37.0, 141.0, 19.0, 3.0, 6.0, 53.0, 15.0, 3.0, 6.0, 72.0, 17.0, 0.0, 4.0, 173.0, 19.0, 2.0, 177.0, 41.0, -17.0, -4.0, 192.0, 78.0, -24.0, -3.0, 181.0, 162.0, -18.0, -0.0, 171.0, 129.0, -17.0, -3.0, 182.0, 167.0, -21.0, -0.0)
Test 84: startState (100.0, 0.0, 0.0, 20.0, 13.0, 99.0, 10.0, 4.0, 34.0, 167.0, 16.0, 0.0, 40.0, 130.0, 23.0, 3.0, 2.0, 25.0, 24.0, 0.0, 7.0, 136.0, 18.0, 5.0, 165.0, 129.0, -19.0, -0.0, 162.0, 30.0, -20.0, -4.0, 167.0, 147.0, -23.0, -0.0, 195.0, 162.0, -17.0, -2.0, 182.0, 153.0, -21.0, -3.0)
Test 85: startState (100.0, 0.0, 0.0, 20.0, 25.0, 170.0, 24.0, 4.0, 30.0, 132.0, 24.0, 0.0, 39.0, 174.0, 17.0, 3.0, 24.0, 98.0, 20.0, 5.0, 21.0, 169.0, 12.0, 0.0, 158.0, 105.0, -14.0, -4.0, 197.0, 115.0, -10.0, -5.0, 189.0, 189.0, -14.0, -5.0, 150.0, 165.0, -17.0, -4.0, 161.0, 26.0, -22.0, -1.0)
Test 86: startState (100.0, 0.0, 0.0, 20.0, 46.0, 117.0, 25.0, 1.0, 42.0, 141.0, 24.0, 0.0, 15.0, 125.0, 10.0, 4.0, 29.0, 185.0, 11.0, 1.0, 27.0, 43.0, 23.0, 5.0, 164.0, 44.0, -13.0, -4.0, 185.0, 50.0, -17.0, -2.0, 168.0, 83.0, -21.0, -5.0, 158.0, 149.0, -25.0, -4.0, 161.0, 132.0, -12.0, -2.0)
Test 87: startState (100.0, 0.0, 0.0, 20.0, 27.0, 96.0, 12.0, 2.0, 11.0, 64.0, 14.0, 1.0, 9.0, 183.0, 15.0, 2.0, 29.0, 180.0, 16.0, 5.0, 28.0, 105.0, 14.0, 3.0, 158.0, 177.0, -10.0, -1.0, 171.0, 81.0, -20.0, -2.0, 168.0, 40.0, -21.0, -0.0, 156.0, 113.0, -20.0, -2.0, 195.0, 81.0, -16.0, -1.0)
Test 88: startState (100.0, 0.0, 0.0, 20.0, 29.0, 32.0, 16.0, 5.0, 2.0, 147.0, 19.0, 2.0, 27.0, 138.0, 18.0, 2.0, 31.0, 109.0, 11.0, 5.0, 18.0, 127.0, 23.0, 3.0, 162.0, 125.0, -17.0, -2.0, 177.0, 170.0, -20.0, -5.0, 160.0, 190.0, -15.0, -3.0, 173.0, 82.0, -17.0, -1.0, 199.0, 58.0, -10.0, -5.0)
Test 89: startState (100.0, 0.0, 0.0, 20.0, 35.0, 176.0, 12.0, 1.0, 7.0, 45.0, 23.0, 0.0, 27.0, 76.0, 10.0, 4.0, 34.0, 125.0, 11.0, 3.0, 27.0, 50.0, 22.0, 4.0, 187.0, 56.0, -14.0, -0.0, 183.0, 51.0, -12.0, -5.0, 170.0, 81.0, -11.0, -1.0, 156.0, 110.0, -15.0, -2.0, 181.0, 81.0, -12.0, -5.0)
Test 90: startState (100.0, 0.0, 0.0, 20.0, 34.0, 48.0, 23.0, 0.0, 28.0, 169.0, 12.0, 4.0, 38.0, 147.0, 15.0, 5.0, 1.0, 68.0, 11.0, 2.0, 29.0, 104.0, 23.0, 4.0, 184.0, 144.0, -10.0, -4.0, 189.0, 83.0, -17.0, -5.0, 174.0, 80.0, -24.0, -4.0, 192.0, 139.0, -15.0, -1.0, 154.0, 120.0, -18.0, -2.0)
Test 91: startState (100.0, 0.0, 0.0, 20.0, 35.0, 34.0, 11.0, 1.0, 14.0, 155.0, 10.0, 4.0, 39.0, 153.0, 10.0, 3.0, 4.0, 91.0, 18.0, 3.0, 40.0, 190.0, 15.0, 2.0, 161.0, 127.0, -21.0, -2.0, 152.0, 122.0, -16.0, -3.0, 151.0, 56.0, -15.0, -0.0, 187.0, 41.0, -25.0, -4.0, 199.0, 115.0, -15.0, -2.0)
Test 92: startState (100.0, 0.0, 0.0, 20.0, 36.0, 69.0, 17.0, 3.0, 41.0, 29.0, 14.0, 4.0, 17.0, 82.0, 20.0, 3.0, 26.0, 27.0, 13.0, 0.0, 44.0, 109.0, 15.0, 4.0, 176.0, 121.0, -13.0, -1.0, 155.0, 69.0, -13.0, -4.0, 193.0, 91.0, -19.0, -1.0, 197.0, 159.0, -16.0, -3.0, 198.0, 74.0, -24.0, -2.0)
Test 93: startState (100.0, 0.0, 0.0, 20.0, 13.0, 84.0, 17.0, 5.0, 39.0, 76.0, 12.0, 1.0, 17.0, 110.0, 10.0, 1.0, 44.0, 127.0, 20.0, 1.0, 36.0, 146.0, 17.0, 0.0, 175.0, 44.0, -24.0, -2.0, 189.0, 101.0, -10.0, -2.0, 198.0, 163.0, -25.0, -0.0, 183.0, 176.0, -12.0, -0.0, 196.0, 64.0, -25.0, -2.0)
Test 94: startState (100.0, 0.0, 0.0, 20.0, 24.0, 170.0, 24.0, 2.0, 5.0, 86.0, 16.0, 5.0, 44.0, 89.0, 24.0, 0.0, 19.0, 79.0, 16.0, 1.0, 24.0, 114.0, 25.0, 5.0, 195.0, 169.0, -20.0, -2.0, 181.0, 181.0, -18.0, -0.0, 156.0, 105.0, -19.0, -3.0, 198.0, 95.0, -13.0, -1.0, 152.0, 178.0, -23.0, -1.0)
Test 95: startState (100.0, 0.0, 0.0, 20.0, 48.0, 173.0, 23.0, 5.0, 44.0, 141.0, 18.0, 0.0, 39.0, 25.0, 12.0, 2.0, 26.0, 185.0, 25.0, 3.0, 11.0, 84.0, 16.0, 3.0, 159.0, 121.0, -15.0, -2.0, 188.0, 162.0, -19.0, -5.0, 186.0, 143.0, -18.0, -3.0, 168.0, 27.0, -11.0, -5.0, 195.0, 126.0, -20.0, -4.0)
Test 96: startState (100.0, 0.0, 0.0, 20.0, 37.0, 73.0, 24.0, 2.0, 21.0, 183.0, 24.0, 2.0, 19.0, 148.0, 14.0, 3.0, 17.0, 25.0, 25.0, 2.0, 1.0, 183.0, 17.0, 0.0, 166.0, 92.0, -21.0, -4.0, 158.0, 136.0, -15.0, -5.0, 159.0, 148.0, -12.0, -1.0, 179.0, 35.0, -17.0, -4.0, 166.0, 68.0, -17.0, -4.0)
Test 97: startState (100.0, 0.0, 0.0, 20.0, 35.0, 141.0, 10.0, 2.0, 50.0, 190.0, 19.0, 0.0, 31.0, 123.0, 18.0, 3.0, 19.0, 180.0, 16.0, 4.0, 15.0, 178.0, 20.0, 2.0, 163.0, 36.0, -14.0, -3.0, 192.0, 101.0, -16.0, -0.0, 182.0, 86.0, -24.0, -2.0, 187.0, 135.0, -12.0, -4.0, 187.0, 70.0, -25.0, -4.0)
Test 98: startState (100.0, 0.0, 0.0, 20.0, 43.0, 126.0, 11.0, 2.0, 34.0, 109.0, 12.0, 2.0, 37.0, 127.0, 18.0, 1.0, 24.0, 33.0, 25.0, 3.0, 8.0, 184.0, 15.0, 4.0, 184.0, 69.0, -22.0, -1.0, 163.0, 190.0, -22.0, -0.0, 196.0, 152.0, -25.0, -3.0, 167.0, 152.0, -12.0, -1.0, 179.0, 154.0, -22.0, -0.0)
Test 99: startState (100.0, 0.0, 0.0, 20.0, 29.0, 145.0, 12.0, 5.0, 38.0, 31.0, 22.0, 4.0, 1.0, 74.0, 23.0, 2.0, 16.0, 120.0, 22.0, 3.0, 42.0, 90.0, 18.0, 1.0, 189.0, 36.0, -14.0, -4.0, 188.0, 107.0, -11.0, -3.0, 174.0, 35.0, -24.0, -5.0, 155.0, 62.0, -22.0, -1.0, 151.0, 38.0, -23.0, -2.0)
Test 100: startState (100.0, 0.0, 0.0, 20.0, 0.0, 110.0, 13.0, 5.0, 50.0, 30.0, 10.0, 1.0, 37.0, 177.0, 10.0, 2.0, 31.0, 135.0, 21.0, 1.0, 19.0, 190.0, 23.0, 5.0, 180.0, 167.0, -21.0, -1.0, 159.0, 43.0, -11.0, -3.0, 170.0, 36.0, -11.0, -4.0, 188.0, 63.0, -19.0, -3.0, 195.0, 153.0, -24.0, -2.0)
Test 101: startState (100.,   0.,   0.,  20.,   0., 159.,   0.,   0.,  32.,  56.,   0., 0.,  49., 127.,   0.,   0.,  17., 124.,   0.,   0.,   1.,  32., 0.,   0., 179.,  84.,   0.,   0., 156., 165.,   0.,   0., 161., 48., -23.,  -0., 156., 104.,   0.,   0., 153., 139.,   0.,   0.)

